44.88
59.28
71.51
15.12
60.27
85.79
54.48
84.72
42.36
62.35
35.86
61.30
55.69
29.75
10.49
5.67
3.18
73.18
61.22
47.76
79.17
81.21
52.88
51.67
56.80
39.27
7.18
83.60
92.46
33.73
90.95
35.73
98.33
62.82
17.06
4.54
22.51
86.51
12.57
12.56
1.58
52.99
79.91
80.09
46.14
48.30
22.37
32.56
11.82
27.70
36.43
41.56
14.33
46.49
5.96
23.68
52.18
10.59
41.46
52.99
26.45
81.69
77.42
25.85
54.03
78.89
43.38
13.52
1.87
67.35
37.71
14.96
38.33
77.53
61.69
38.64
94.37
90.25
68.18
44.99
35.95
38.43
56.82
9.99
69.76
90.62
6.02
2.66
66.67
35.01
33.29
17.09
79.41
64.53
87.33
24.50
31.54
39.47
36.37
67.82
43.52
3.84
55.81
63.42
1.39
95.89
10.20
34.97
79.66
63.50
16.13
0.14
35.01
58.18
74.31
58.01
46.63
47.46
24.44
62.35
15.89
65.64
88.60
67.47
33.81
68.60
13.81
22.59
19.65
94.95
36.87
66.25
82.09
99.19
9.71
38.24
83.79
67.36
89.86
97.19
2.90
11.82
46.86
48.78
1.79
5.57
60.48
55.43
73.92
1.99
95.55
56.06
71.46
97.95
12.01
35.94
70.83
52.16
11.87
30.80
68.72
88.04
41.42
91.82
6.41
21.68
69.24
56.51
43.59
86.51
26.53
50.89
52.32
91.67
90.08
92.11
57.59
8.31
92.92
72.48
31.85
98.80
66.74
84.23
87.17
64.71
28.89
84.13
28.94
26.47
81.42
60.64
58.65
55.28
2.01
83.07
82.89
62.59
99.86
85.90
