44
59
71
15
60
85
54
84
42
62
35
61
55
29
10
5
3
73
61
47
79
81
52
51
56
39
7
83
92
33
90
35
98
62
17
4
22
86
12
12
1
52
79
80
46
48
22
32
11
27
36
41
14
46
5
23
52
10
41
52
26
81
77
25
54
78
43
13
1
67
37
14
38
77
61
38
94
90
68
44
35
38
56
9
69
90
6
2
66
35
33
17
79
64
87
24
31
39
36
67
43
3
55
63
1
95
10
34
79
63
16
0
35
58
74
58
46
47
24
62
15
65
88
67
33
68
13
22
19
94
36
66
82
99
9
38
83
67
89
97
2
11
46
48
1
5
60
55
73
1
95
56
71
97
12
35
70
52
11
30
68
88
41
91
6
21
69
56
43
86
26
50
52
91
90
92
57
8
92
72
31
98
66
84
87
64
28
84
28
26
81
60
58
55
2
83
82
62
